1 EREHSISIVLE
  ...........
1 QNHKTLGFICN
Match percentage is: 0.0
The alignment score is: 11
0  	-1	-2	-3	-4	-5	-6	-7	-8	-9	-10	-11
-1 	1 	0 	-1	-2	-3	-4	-5	-6	-7	-8 	-9 
-2 	0 	2 	1 	0 	-1	-2	-3	-4	-5	-6 	-7 
-3 	-1	1 	3 	2 	1 	0 	-1	-2	-3	-4 	-5 
-4 	-2	0 	2 	4 	3 	2 	1 	0 	-1	-2 	-3 
-5 	-3	-1	1 	3 	5 	4 	3 	2 	1 	0  	-1 
-6 	-4	-2	0 	2 	4 	6 	5 	4 	3 	2  	1  
-7 	-5	-3	-1	1 	3 	5 	7 	6 	5 	4  	3  
-8 	-6	-4	-2	0 	2 	4 	6 	8 	7 	6  	5  
-9 	-7	-5	-3	-1	1 	3 	5 	7 	9 	8  	7  
-10	-8	-6	-4	-2	0 	2 	4 	6 	8 	10 	9  
-11	-9	-7	-5	-3	-1	1 	3 	5 	7 	9  	11 